Traceback (most recent call last):
  File "gmm_run_dequant_penguin.py", line 97, in <module>
    tmp_flow,tmp_loss=dequantization.train_dequant_gmm(
  File "/arc/project/st-tdjc-1/madmix/examples/gmm/dequantization/penguin/dequantization.py", line 280, in train_dequant_gmm
    loss = -flow.log_prob(sample).mean()
  File "/arc/project/st-tdjc-1/madmix/examples/gmm/dequantization/penguin/concrete.py", line 406, in log_prob
    return self.prior.log_prob(z) + logp
  File "/arc/project/st-tdjc-1/madmix/examples/gmm/dequantization/penguin/dequantization.py", line 141, in log_prob
    xc_lp += self.invwis.log_prob(torch.moveaxis(Sigmas[k,...],2,0))
  File "/home/giank/.local/lib/python3.8/site-packages/torch/distributions/wishart.py", line 271, in log_prob
    self._validate_sample(value)
  File "/home/giank/.local/lib/python3.8/site-packages/torch/distributions/distribution.py", line 300, in _validate_sample
    raise ValueError(
ValueError: Expected value argument (Tensor of shape (1000, 4, 4)) to be within the support (PositiveDefinite()) of the distribution Wishart(covariance_matrix: torch.Size([4, 4]), df: 111.0), but found invalid values:
tensor([[[ 6.5699e-01, -1.6327e-02,  1.2178e+00,  6.1487e-01],
         [-1.6327e-02,  2.4536e-01,  1.6526e-01,  3.5740e-01],
         [ 1.2178e+00,  1.6526e-01,  3.8206e+01,  8.0931e+00],
         [ 6.1487e-01,  3.5740e-01,  8.0931e+00,  2.4047e+00]],

        [[ 1.5679e-01, -1.2598e-01,  1.6783e-01,  1.2952e-01],
         [-1.2598e-01,  3.1236e-01,  4.4834e-01,  2.0844e-01],
         [ 1.6783e-01,  4.4834e-01,  5.6566e+00,  3.5764e+00],
         [ 1.2952e-01,  2.0844e-01,  3.5764e+00,  2.7262e+00]],

        [[ 1.0063e-02,  2.7980e-01, -2.6178e-01,  1.5790e-01],
         [ 2.7980e-01,  7.9522e+00, -6.6574e+00,  7.1907e+00],
         [-2.6178e-01, -6.6574e+00,  9.0949e+15,  1.0754e+08],
         [ 1.5790e-01,  7.1907e+00,  1.0754e+08,  4.9386e+01]],

        ...,

        [[ 1.7255e+00,  2.1367e+01,  1.1251e+01,  2.0818e+00],
         [ 2.1367e+01,  2.6460e+02,  1.3908e+02,  2.5925e+01],
         [ 1.1251e+01,  1.3908e+02,  8.0131e+01,  9.5600e+00],
         [ 2.0818e+00,  2.5925e+01,  9.5600e+00,  6.3602e+00]],

        [[ 1.4871e+03,  3.2818e+02,  2.8168e+02,  6.9805e+01],
         [ 3.2818e+02,  7.2431e+01,  6.2269e+01,  1.5589e+01],
         [ 2.8168e+02,  6.2269e+01,  5.4611e+01,  1.5425e+01],
         [ 6.9805e+01,  1.5589e+01,  1.5425e+01,  7.2926e+00]],

        [[ 2.1107e+00,  1.9113e+00,  1.3484e+00,  9.3724e-01],
         [ 1.9113e+00,  2.0664e+00,  1.3988e+00,  9.8709e-01],
         [ 1.3484e+00,  1.3988e+00,  8.6065e+00,  2.1175e+00],
         [ 9.3724e-01,  9.8709e-01,  2.1175e+00,  9.6791e-01]]],
       grad_fn=<PermuteBackward0>)
