Traceback (most recent call last):
  File "gmm_run_dequant_penguin.py", line 97, in <module>
    tmp_flow,tmp_loss=dequantization.train_dequant_gmm(
  File "/arc/project/st-tdjc-1/madmix/examples/gmm/dequantization/penguin/dequantization.py", line 280, in train_dequant_gmm
    loss = -flow.log_prob(sample).mean()
  File "/arc/project/st-tdjc-1/madmix/examples/gmm/dequantization/penguin/concrete.py", line 406, in log_prob
    return self.prior.log_prob(z) + logp
  File "/arc/project/st-tdjc-1/madmix/examples/gmm/dequantization/penguin/dequantization.py", line 141, in log_prob
    xc_lp += self.invwis.log_prob(torch.moveaxis(Sigmas[k,...],2,0))
  File "/home/giank/.local/lib/python3.8/site-packages/torch/distributions/wishart.py", line 271, in log_prob
    self._validate_sample(value)
  File "/home/giank/.local/lib/python3.8/site-packages/torch/distributions/distribution.py", line 300, in _validate_sample
    raise ValueError(
ValueError: Expected value argument (Tensor of shape (1000, 4, 4)) to be within the support (PositiveDefinite()) of the distribution Wishart(covariance_matrix: torch.Size([4, 4]), df: 111.0), but found invalid values:
tensor([[[ 0.1437, -0.3139,  0.9469,  0.6529],
         [-0.3139,  0.9473, -1.0756, -0.9566],
         [ 0.9469, -1.0756, 10.0020,  6.0828],
         [ 0.6529, -0.9566,  6.0828,  3.8138]],

        [[ 0.1049, -0.2622,  0.9732,  0.3948],
         [-0.2622,  0.8935, -1.3939, -0.7812],
         [ 0.9732, -1.3939, 13.5597,  4.5593],
         [ 0.3948, -0.7812,  4.5593,  1.6636]],

        [[ 0.0887, -0.2491,  0.7561,  0.4035],
         [-0.2491,  0.9771, -0.8958, -0.8714],
         [ 0.7561, -0.8958, 11.9015,  4.6062],
         [ 0.4035, -0.8714,  4.6062,  2.0858]],

        ...,

        [[ 0.1304, -0.3667,  1.2919,  0.4555],
         [-0.3667,  1.3117, -2.4899, -0.8381],
         [ 1.2919, -2.4899, 17.4432,  6.3164],
         [ 0.4555, -0.8381,  6.3164,  2.2965]],

        [[ 0.0592, -0.3201,  0.5685,  0.2416],
         [-0.3201,  2.0339, -2.1606, -1.0740],
         [ 0.5685, -2.1606,  8.2354,  3.0272],
         [ 0.2416, -1.0740,  3.0272,  1.1668]],

        [[ 0.1023, -0.2783,  0.9136,  0.3228],
         [-0.2783,  1.0102, -1.9185, -0.7828],
         [ 0.9136, -1.9185,  9.4341,  3.1006],
         [ 0.3228, -0.7828,  3.1006,  1.0782]]], grad_fn=<PermuteBackward0>)
