Traceback (most recent call last):
  File "gmm_run_dequant_penguin.py", line 97, in <module>
    tmp_flow,tmp_loss=dequantization.train_dequant_gmm(
  File "/arc/project/st-tdjc-1/madmix/examples/gmm/dequantization/penguin/dequantization.py", line 280, in train_dequant_gmm
    loss = -flow.log_prob(sample).mean()
  File "/arc/project/st-tdjc-1/madmix/examples/gmm/dequantization/penguin/concrete.py", line 406, in log_prob
    return self.prior.log_prob(z) + logp
  File "/arc/project/st-tdjc-1/madmix/examples/gmm/dequantization/penguin/dequantization.py", line 141, in log_prob
    xc_lp += self.invwis.log_prob(torch.moveaxis(Sigmas[k,...],2,0))
  File "/home/giank/.local/lib/python3.8/site-packages/torch/distributions/wishart.py", line 271, in log_prob
    self._validate_sample(value)
  File "/home/giank/.local/lib/python3.8/site-packages/torch/distributions/distribution.py", line 300, in _validate_sample
    raise ValueError(
ValueError: Expected value argument (Tensor of shape (1000, 4, 4)) to be within the support (PositiveDefinite()) of the distribution Wishart(covariance_matrix: torch.Size([4, 4]), df: 111.0), but found invalid values:
tensor([[[ 6.4635e+00,  3.4396e+00,  1.2508e+00,  1.3575e+00],
         [ 3.4396e+00,  2.2517e+00,  1.5351e-01,  1.1737e+00],
         [ 1.2508e+00,  1.5351e-01,  2.3150e+01,  5.4896e+00],
         [ 1.3575e+00,  1.1737e+00,  5.4896e+00,  3.1775e+00]],

        [[ 3.6292e+00,  1.7007e+00,  4.6639e+00,  1.6771e+00],
         [ 1.7007e+00,  1.1369e+00,  1.8389e+00,  1.6128e+00],
         [ 4.6639e+00,  1.8389e+00,  1.1885e+01, -4.3519e-01],
         [ 1.6771e+00,  1.6128e+00, -4.3519e-01,  4.4304e+00]],

        [[ 7.0971e-04,  7.0676e-03, -2.6442e-01,  4.4798e-02],
         [ 7.0676e-03,  5.1532e-01, -6.1154e-01,  1.8890e+00],
         [-2.6442e-01, -6.1154e-01,  1.1085e+02, -5.3688e+00],
         [ 4.4798e-02,  1.8890e+00, -5.3688e+00,  1.4730e+01]],

        ...,

        [[ 4.6722e+35,  1.4421e+19,  8.6655e+18,  7.4181e+18],
         [ 1.4421e+19,  4.4513e+02,  2.6747e+02,  2.2912e+02],
         [ 8.6655e+18,  2.6747e+02,  1.6108e+02,  1.3947e+02],
         [ 7.4181e+18,  2.2912e+02,  1.3947e+02,  1.4530e+02]],

        [[ 3.2894e+00,  2.8747e+00,  1.2795e+01,  6.2126e+00],
         [ 2.8747e+00,  2.5874e+00,  1.1640e+01,  6.0277e+00],
         [ 1.2795e+01,  1.1640e+01,  6.7915e+14, -1.4421e+07],
         [ 6.2126e+00,  6.0277e+00, -1.4421e+07,  4.5550e+01]],

        [[ 5.5001e-01,  8.4658e-01,  2.3961e-01,  1.4442e-01],
         [ 8.4658e-01,  1.3539e+00,  5.3380e-01,  3.6731e-01],
         [ 2.3961e-01,  5.3380e-01,  3.7020e+00,  8.8004e+00],
         [ 1.4442e-01,  3.6731e-01,  8.8004e+00,  2.2922e+01]]],
       grad_fn=<PermuteBackward0>)
