Traceback (most recent call last):
  File "gmm_run_dequant_penguin.py", line 97, in <module>
    tmp_flow,tmp_loss=dequantization.train_dequant_gmm(
  File "/arc/project/st-tdjc-1/madmix/examples/gmm/dequantization/penguin/dequantization.py", line 280, in train_dequant_gmm
    loss = -flow.log_prob(sample).mean()
  File "/arc/project/st-tdjc-1/madmix/examples/gmm/dequantization/penguin/concrete.py", line 406, in log_prob
    return self.prior.log_prob(z) + logp
  File "/arc/project/st-tdjc-1/madmix/examples/gmm/dequantization/penguin/dequantization.py", line 141, in log_prob
    xc_lp += self.invwis.log_prob(torch.moveaxis(Sigmas[k,...],2,0))
  File "/home/giank/.local/lib/python3.8/site-packages/torch/distributions/wishart.py", line 271, in log_prob
    self._validate_sample(value)
  File "/home/giank/.local/lib/python3.8/site-packages/torch/distributions/distribution.py", line 300, in _validate_sample
    raise ValueError(
ValueError: Expected value argument (Tensor of shape (1000, 4, 4)) to be within the support (PositiveDefinite()) of the distribution Wishart(covariance_matrix: torch.Size([4, 4]), df: 111.0), but found invalid values:
tensor([[[ 1.5356e+22, -8.9581e+11,  5.0976e+11, -9.4392e+11],
         [-8.9581e+11,  4.6935e+05, -2.3476e+05,  8.9409e+03],
         [ 5.0976e+11, -2.3476e+05,  1.1742e+05, -4.4758e+03],
         [-9.4392e+11,  8.9409e+03, -4.4758e+03,  2.2699e+02]],

        [[ 2.6333e-02,  7.4073e-01,  6.4398e-01, -1.8290e+00],
         [ 7.4073e-01,  5.8196e+24, -3.7797e+15,  2.5388e+13],
         [ 6.4398e-01, -3.7797e+15,  2.4548e+06, -1.6533e+04],
         [-1.8290e+00,  2.5388e+13, -1.6533e+04,  2.3828e+02]],

        [[ 3.4547e-03,  8.1785e-02,  6.6827e-01,  1.4993e-01],
         [ 8.1785e-02,  7.1003e+15, -1.6620e+10,  8.2536e+08],
         [ 6.6827e-01, -1.6620e+10,  3.9033e+04, -1.9030e+03],
         [ 1.4993e-01,  8.2536e+08, -1.9030e+03,  1.0506e+02]],

        ...,

        [[ 0.0000e+00,  0.0000e+00,  0.0000e+00,  0.0000e+00],
         [ 0.0000e+00,  2.6584e+02, -7.6505e+02,  4.6268e+03],
         [ 0.0000e+00, -7.6505e+02,  1.4683e+05, -9.9339e+04],
         [ 0.0000e+00,  4.6268e+03, -9.9339e+04,  5.2078e+05]],

        [[ 6.6339e-22,  1.0464e-10,  3.3376e-10, -8.1587e-10],
         [ 1.0464e-10,  5.1994e+06, -1.1236e+07,  4.5105e+04],
         [ 3.3376e-10, -1.1236e+07,  4.0510e+23, -8.6274e+11],
         [-8.1587e-10,  4.5105e+04, -8.6274e+11,  1.3988e+03]],

        [[ 0.0000e+00,         nan,         nan,  3.6482e-24],
         [        nan,         inf,         nan,         inf],
         [        nan,         nan,         inf,        -inf],
         [ 3.6482e-24,         inf,        -inf,  1.8927e+04]]],
       grad_fn=<PermuteBackward0>)
