Traceback (most recent call last):
  File "gmm_run_dequant_penguin.py", line 97, in <module>
    tmp_flow,tmp_loss=dequantization.train_dequant_gmm(
  File "/arc/project/st-tdjc-1/madmix/examples/gmm/dequantization/penguin/dequantization.py", line 280, in train_dequant_gmm
    loss = -flow.log_prob(sample).mean()
  File "/arc/project/st-tdjc-1/madmix/examples/gmm/dequantization/penguin/concrete.py", line 406, in log_prob
    return self.prior.log_prob(z) + logp
  File "/arc/project/st-tdjc-1/madmix/examples/gmm/dequantization/penguin/dequantization.py", line 141, in log_prob
    xc_lp += self.invwis.log_prob(torch.moveaxis(Sigmas[k,...],2,0))
  File "/home/giank/.local/lib/python3.8/site-packages/torch/distributions/wishart.py", line 271, in log_prob
    self._validate_sample(value)
  File "/home/giank/.local/lib/python3.8/site-packages/torch/distributions/distribution.py", line 300, in _validate_sample
    raise ValueError(
ValueError: Expected value argument (Tensor of shape (1000, 4, 4)) to be within the support (PositiveDefinite()) of the distribution Wishart(covariance_matrix: torch.Size([4, 4]), df: 111.0), but found invalid values:
tensor([[[ 1.5275e+02,  1.0854e+01,  8.6940e+01,  1.6823e+01],
         [ 1.0854e+01,  1.4050e+00,  6.4959e+00,  9.0539e+00],
         [ 8.6940e+01,  6.4959e+00,  3.2739e+02,  4.0104e+01],
         [ 1.6823e+01,  9.0539e+00,  4.0104e+01,  1.0350e+02]],

        [[ 1.7374e+00,  1.1679e+00, -4.9873e-01,  7.9886e-01],
         [ 1.1679e+00,  1.3404e+00, -5.4480e-02,  4.8167e-01],
         [-4.9873e-01, -5.4480e-02,  1.0495e+01, -1.9806e+00],
         [ 7.9886e-01,  4.8167e-01, -1.9806e+00,  6.8931e-01]],

        [[ 2.1405e-01,  3.1005e-01,  6.6700e-01,  2.1450e-01],
         [ 3.1005e-01,  6.2915e-01,  1.0944e+00,  8.2438e-01],
         [ 6.6700e-01,  1.0944e+00,  8.9933e+00,  4.4645e+00],
         [ 2.1450e-01,  8.2438e-01,  4.4645e+00,  3.9358e+00]],

        ...,

        [[ 4.1525e-01,  3.8426e+00,  1.4515e+00,  2.1561e+00],
         [ 3.8426e+00,  3.5759e+01,  1.3600e+01,  2.0339e+01],
         [ 1.4515e+00,  1.3600e+01,  2.6462e+13,  1.8894e+06],
         [ 2.1561e+00,  2.0339e+01,  1.8894e+06,  1.1141e+02]],

        [[ 2.4231e-01,  1.4401e+00,  9.5646e-01,  4.3615e-01],
         [ 1.4401e+00,  8.8326e+00,  5.8263e+00,  3.2468e+00],
         [ 9.5646e-01,  5.8263e+00,  1.4360e+02,  1.8338e+01],
         [ 4.3615e-01,  3.2468e+00,  1.8338e+01,  4.2516e+00]],

        [[ 4.3392e-01,  8.1839e-01, -2.7538e-01,  1.7393e-01],
         [ 8.1839e-01,  1.8437e+00, -3.9331e-02,  6.8919e-01],
         [-2.7538e-01, -3.9331e-02,  1.0766e+01,  5.5565e+00],
         [ 1.7393e-01,  6.8919e-01,  5.5565e+00,  3.6316e+00]]],
       grad_fn=<PermuteBackward0>)
