Traceback (most recent call last):
  File "gmm_run_dequant_penguin.py", line 97, in <module>
    tmp_flow,tmp_loss=dequantization.train_dequant_gmm(
  File "/arc/project/st-tdjc-1/madmix/examples/gmm/dequantization/penguin/dequantization.py", line 280, in train_dequant_gmm
    loss = -flow.log_prob(sample).mean()
  File "/arc/project/st-tdjc-1/madmix/examples/gmm/dequantization/penguin/concrete.py", line 406, in log_prob
    return self.prior.log_prob(z) + logp
  File "/arc/project/st-tdjc-1/madmix/examples/gmm/dequantization/penguin/dequantization.py", line 141, in log_prob
    xc_lp += self.invwis.log_prob(torch.moveaxis(Sigmas[k,...],2,0))
  File "/home/giank/.local/lib/python3.8/site-packages/torch/distributions/wishart.py", line 271, in log_prob
    self._validate_sample(value)
  File "/home/giank/.local/lib/python3.8/site-packages/torch/distributions/distribution.py", line 300, in _validate_sample
    raise ValueError(
ValueError: Expected value argument (Tensor of shape (1000, 4, 4)) to be within the support (PositiveDefinite()) of the distribution Wishart(covariance_matrix: torch.Size([4, 4]), df: 111.0), but found invalid values:
tensor([[[        inf,         inf,         inf,         inf],
         [        inf,  1.9376e+32, -3.5867e+18,  7.3097e+17],
         [        inf, -3.5867e+18,  6.6494e+04, -1.3354e+04],
         [        inf,  7.3097e+17, -1.3354e+04,  3.1239e+03]],

        [[ 3.2102e-23,  4.2991e-11, -1.0915e-09,  1.7663e-10],
         [ 4.2991e-11,         inf, -5.7483e+31,  6.0629e+29],
         [-1.0915e-09, -5.7483e+31,  2.0768e+07, -2.2466e+05],
         [ 1.7663e-10,  6.0629e+29, -2.2466e+05,  3.3424e+03]],

        [[ 5.0241e+07, -8.6728e+04,  3.9094e+04, -7.5324e+04],
         [-8.6728e+04,  1.7007e+02,  8.5993e+02,  1.8265e+02],
         [ 3.9094e+04,  8.5993e+02,  4.2274e+04,  2.3383e+03],
         [-7.5324e+04,  1.8265e+02,  2.3383e+03,  2.7999e+02]],

        ...,

        [[ 0.0000e+00,         nan, -2.6152e-34,  2.3579e-33],
         [        nan,         inf,        -inf,         inf],
         [-2.6152e-34,        -inf,  8.3435e+08, -6.9102e+06],
         [ 2.3579e-33,         inf, -6.9102e+06,  8.8298e+04]],

        [[        inf, -1.0644e+33,  3.3971e+34, -2.5647e+35],
         [-1.0644e+33,  2.3174e+04, -6.5540e+05,  3.2202e+03],
         [ 3.3971e+34, -6.5540e+05,  1.8536e+07, -1.0047e+05],
         [-2.5647e+35,  3.2202e+03, -1.0047e+05,  6.5078e+05]],

        [[        inf,        -inf,         inf,         inf],
         [       -inf,  7.0059e-01, -3.1558e+02, -9.2085e+00],
         [        inf, -3.1558e+02,  2.3041e+05,  7.0193e+03],
         [        inf, -9.2085e+00,  7.0193e+03,  2.4550e+02]]],
       grad_fn=<PermuteBackward0>)
