Traceback (most recent call last):
  File "gmm_run_dequant_penguin.py", line 97, in <module>
    tmp_flow,tmp_loss=dequantization.train_dequant_gmm(
  File "/arc/project/st-tdjc-1/madmix/examples/gmm/dequantization/penguin/dequantization.py", line 280, in train_dequant_gmm
    loss = -flow.log_prob(sample).mean()
  File "/arc/project/st-tdjc-1/madmix/examples/gmm/dequantization/penguin/concrete.py", line 406, in log_prob
    return self.prior.log_prob(z) + logp
  File "/arc/project/st-tdjc-1/madmix/examples/gmm/dequantization/penguin/dequantization.py", line 141, in log_prob
    xc_lp += self.invwis.log_prob(torch.moveaxis(Sigmas[k,...],2,0))
  File "/home/giank/.local/lib/python3.8/site-packages/torch/distributions/wishart.py", line 271, in log_prob
    self._validate_sample(value)
  File "/home/giank/.local/lib/python3.8/site-packages/torch/distributions/distribution.py", line 300, in _validate_sample
    raise ValueError(
ValueError: Expected value argument (Tensor of shape (1000, 4, 4)) to be within the support (PositiveDefinite()) of the distribution Wishart(covariance_matrix: torch.Size([4, 4]), df: 111.0), but found invalid values:
tensor([[[ 5.8823e-02, -5.8703e-03,  9.8245e-01,  2.4116e-01],
         [-5.8703e-03,  1.3353e-01, -1.1689e-01,  4.3297e-01],
         [ 9.8245e-01, -1.1689e-01,  4.6564e+01,  1.2829e+01],
         [ 2.4116e-01,  4.3297e-01,  1.2829e+01,  1.8563e+01]],

        [[ 3.0522e-01,  3.2080e-01,  7.1744e-01,  4.9399e-01],
         [ 3.2080e-01,  6.4260e-01,  1.0113e+00,  8.2549e-01],
         [ 7.1744e-01,  1.0113e+00,  1.8165e+02,  1.7452e+01],
         [ 4.9399e-01,  8.2549e-01,  1.7452e+01,  3.0374e+00]],

        [[ 5.8025e-01,  1.5033e+00,  4.4045e+00,  3.9090e+00],
         [ 1.5033e+00,  3.9224e+00,  1.1785e+01,  1.0535e+01],
         [ 4.4045e+00,  1.1785e+01,  3.8489e+01,  3.5186e+01],
         [ 3.9090e+00,  1.0535e+01,  3.5186e+01,  3.6976e+01]],

        ...,

        [[ 9.9933e-02,  1.7222e+00,  3.3942e-01,  3.3254e-01],
         [ 1.7222e+00,  2.9787e+01,  6.2949e+00,  6.2369e+00],
         [ 3.3942e-01,  6.2949e+00,  3.3396e+00,  3.8825e+00],
         [ 3.3254e-01,  6.2369e+00,  3.8825e+00,  5.7838e+00]],

        [[ 5.0810e+00,  9.2411e+00,  1.7683e+00,  3.6967e+00],
         [ 9.2411e+00,  1.7017e+01,  3.3069e+00,  7.6778e+00],
         [ 1.7683e+00,  3.3069e+00,  2.7745e+02,  7.9623e+01],
         [ 3.6967e+00,  7.6778e+00,  7.9623e+01,  2.9077e+01]],

        [[ 1.3484e+00,  1.6723e+00,  1.9616e+00,  6.5857e-01],
         [ 1.6723e+00,  2.4950e+00,  2.8796e+00,  1.5232e+00],
         [ 1.9616e+00,  2.8796e+00,  1.0565e+02,  3.0142e+01],
         [ 6.5857e-01,  1.5232e+00,  3.0142e+01,  1.0110e+01]]],
       grad_fn=<PermuteBackward0>)
