Traceback (most recent call last):
  File "gmm_run_dequant_penguin.py", line 97, in <module>
    tmp_flow,tmp_loss=dequantization.train_dequant_gmm(
  File "/arc/project/st-tdjc-1/madmix/examples/gmm/dequantization/penguin/dequantization.py", line 280, in train_dequant_gmm
    loss = -flow.log_prob(sample).mean()
  File "/arc/project/st-tdjc-1/madmix/examples/gmm/dequantization/penguin/concrete.py", line 406, in log_prob
    return self.prior.log_prob(z) + logp
  File "/arc/project/st-tdjc-1/madmix/examples/gmm/dequantization/penguin/dequantization.py", line 141, in log_prob
    xc_lp += self.invwis.log_prob(torch.moveaxis(Sigmas[k,...],2,0))
  File "/home/giank/.local/lib/python3.8/site-packages/torch/distributions/wishart.py", line 271, in log_prob
    self._validate_sample(value)
  File "/home/giank/.local/lib/python3.8/site-packages/torch/distributions/distribution.py", line 300, in _validate_sample
    raise ValueError(
ValueError: Expected value argument (Tensor of shape (1000, 4, 4)) to be within the support (PositiveDefinite()) of the distribution Wishart(covariance_matrix: torch.Size([4, 4]), df: 111.0), but found invalid values:
tensor([[[ 1.7536e-17,  9.6952e-09,  8.2252e-08, -5.3673e-08],
         [ 9.6952e-09,  3.8024e+07, -1.7923e+06,  5.9107e+04],
         [ 8.2252e-08, -1.7923e+06,  8.4873e+04, -3.0392e+03],
         [-5.3673e-08,  5.9107e+04, -3.0392e+03,  2.5803e+02]],

        [[ 3.6632e+06, -2.0762e+04,  9.4396e+03,  2.5944e+04],
         [-2.0762e+04,  1.1818e+02, -3.5115e+02, -1.3962e+02],
         [ 9.4396e+03, -3.5115e+02,  1.7750e+05, -4.3604e+03],
         [ 2.5944e+04, -1.3962e+02, -4.3604e+03,  6.6540e+02]],

        [[ 1.1857e-01, -9.7183e-02,  3.4244e+00, -3.1110e+00],
         [-9.7183e-02,  9.3100e-02, -1.1999e+01,  2.7515e+00],
         [ 3.4244e+00, -1.1999e+01,  6.3823e+03, -2.2779e+02],
         [-3.1110e+00,  2.7515e+00, -2.2779e+02,  8.5228e+01]],

        ...,

        [[ 1.1969e-07, -2.0208e-04,  8.7802e-04,  1.9774e-03],
         [-2.0208e-04,  4.1310e+26, -7.4937e+16,  2.9471e+14],
         [ 8.7802e-04, -7.4937e+16,  1.1059e+26, -5.0502e+13],
         [ 1.9774e-03,  2.9471e+14, -5.0502e+13,  2.6597e+02]],

        [[ 1.0536e+13,  2.5992e+07,  5.6341e+07,  7.3916e+07],
         [ 2.5992e+07,  6.4123e+01,  1.3899e+02,  1.8235e+02],
         [ 5.6341e+07,  1.3899e+02,  2.4343e+05, -1.6867e+04],
         [ 7.3916e+07,  1.8235e+02, -1.6867e+04,  2.1997e+03]],

        [[ 4.6819e+30, -6.9725e+15,  9.7746e+16,  2.3808e+16],
         [-6.9725e+15,  8.2773e+29, -4.4730e+17,  2.8011e+16],
         [ 9.7746e+16, -4.4730e+17,  2.4375e+05, -1.4640e+04],
         [ 2.3808e+16,  2.8011e+16, -1.4640e+04,  1.0868e+03]]],
       grad_fn=<PermuteBackward0>)
