Traceback (most recent call last):
  File "gmm_run_concrete_penguin.py", line 106, in <module>
    tmp_flow,tmp_loss=trainGMMRealNVP(
  File "/arc/project/st-tdjc-1/madmix/examples/gmm/penguin/../../../src/concrete.py", line 704, in trainGMMRealNVP
    loss = -flow.log_prob(sample).mean()
  File "/arc/project/st-tdjc-1/madmix/examples/gmm/penguin/../../../src/concrete.py", line 406, in log_prob
    return self.prior.log_prob(z) + logp
  File "/arc/project/st-tdjc-1/madmix/examples/gmm/penguin/../../../src/concrete.py", line 558, in log_prob
    xc_lp += self.invwis.log_prob(torch.moveaxis(Sigmas[k,...],2,0))
  File "/home/giank/.local/lib/python3.8/site-packages/torch/distributions/wishart.py", line 271, in log_prob
    self._validate_sample(value)
  File "/home/giank/.local/lib/python3.8/site-packages/torch/distributions/distribution.py", line 300, in _validate_sample
    raise ValueError(
ValueError: Expected value argument (Tensor of shape (1000, 4, 4)) to be within the support (PositiveDefinite()) of the distribution Wishart(covariance_matrix: torch.Size([4, 4]), df: 111.0), but found invalid values:
tensor([[[ 9.0946e-26, -1.0688e-12, -6.6778e-12, -2.5130e-12],
         [-1.0688e-12,  1.2560e+01,  7.8475e+01,  2.9532e+01],
         [-6.6778e-12,  7.8475e+01,  2.3764e+03, -1.9102e+02],
         [-2.5130e-12,  2.9532e+01, -1.9102e+02,  6.0004e+03]],

        [[ 0.0000e+00,  0.0000e+00,  0.0000e+00,  0.0000e+00],
         [ 0.0000e+00,  4.6496e-01, -2.0599e+01,  1.1713e+01],
         [ 0.0000e+00, -2.0599e+01,  5.6264e+03, -6.2932e+02],
         [ 0.0000e+00,  1.1713e+01, -6.2932e+02,  3.6420e+02]],

        [[ 5.4886e+00, -3.9990e-01, -7.1535e+00, -3.7087e+01],
         [-3.9990e-01,  2.9137e-02,  5.2120e-01,  2.7022e+00],
         [-7.1535e+00,  5.2120e-01,  1.7002e+01,  1.0930e+02],
         [-3.7087e+01,  2.7022e+00,  1.0930e+02,  9.8954e+02]],

        ...,

        [[ 0.0000e+00, -2.4083e-30,  6.3936e-30, -1.5929e-31],
         [-2.4083e-30,  2.4863e+03, -6.5995e+03,  1.6396e+02],
         [ 6.3936e-30, -6.5995e+03,  2.3225e+04, -2.7343e+03],
         [-1.5929e-31,  1.6396e+02, -2.7343e+03,  9.4614e+02]],

        [[ 6.0889e-19, -4.3998e-10, -1.8735e-09, -1.8934e-09],
         [-4.3998e-10,  3.1794e-01,  1.4586e+00,  1.3641e+00],
         [-1.8735e-09,  1.4586e+00,  2.6248e+04, -1.0150e+03],
         [-1.8934e-09,  1.3641e+00, -1.0150e+03,  4.7156e+01]],

        [[ 0.0000e+00,  0.0000e+00,  0.0000e+00,  0.0000e+00],
         [ 0.0000e+00,  3.2767e-01,  1.1774e+01, -9.5562e-01],
         [ 0.0000e+00,  1.1774e+01,  1.3435e+04, -2.2941e+03],
         [ 0.0000e+00, -9.5562e-01, -2.2941e+03,  1.2809e+04]]],
       grad_fn=<PermuteBackward0>)
