Traceback (most recent call last):
  File "gmm_run_concrete_penguin.py", line 106, in <module>
    tmp_flow,tmp_loss=trainGMMRealNVP(
  File "/arc/project/st-tdjc-1/madmix/examples/gmm/penguin/../../../src/concrete.py", line 704, in trainGMMRealNVP
    loss = -flow.log_prob(sample).mean()
  File "/arc/project/st-tdjc-1/madmix/examples/gmm/penguin/../../../src/concrete.py", line 406, in log_prob
    return self.prior.log_prob(z) + logp
  File "/arc/project/st-tdjc-1/madmix/examples/gmm/penguin/../../../src/concrete.py", line 558, in log_prob
    xc_lp += self.invwis.log_prob(torch.moveaxis(Sigmas[k,...],2,0))
  File "/home/giank/.local/lib/python3.8/site-packages/torch/distributions/wishart.py", line 271, in log_prob
    self._validate_sample(value)
  File "/home/giank/.local/lib/python3.8/site-packages/torch/distributions/distribution.py", line 300, in _validate_sample
    raise ValueError(
ValueError: Expected value argument (Tensor of shape (1000, 4, 4)) to be within the support (PositiveDefinite()) of the distribution Wishart(covariance_matrix: torch.Size([4, 4]), df: 111.0), but found invalid values:
tensor([[[ 3.4262e-04, -1.2353e+00,         nan, -1.9421e+00],
         [-1.2353e+00,  4.4539e+03,         nan,  7.0021e+03],
         [        nan,         nan,         inf,        -inf],
         [-1.9421e+00,  7.0021e+03,        -inf,  9.9713e+16]],

        [[ 1.3403e-04, -4.0930e-02, -1.7692e+00,         nan],
         [-4.0930e-02,  1.2499e+01,  5.4027e+02,         nan],
         [-1.7692e+00,  5.4027e+02,  2.3507e+04,         nan],
         [        nan,         nan,         nan,         inf]],

        [[ 1.9875e-10, -1.8999e-05, -1.7516e-05,  4.5416e-04],
         [-1.8999e-05,  1.8163e+00,  1.6747e+00, -4.3415e+01],
         [-1.7516e-05,  1.6747e+00,  1.1359e+18, -3.6775e+10],
         [ 4.5416e-04, -4.3415e+01, -3.6775e+10,  2.2319e+03]],

        ...,

        [[ 8.3141e+05,  3.9167e+03, -9.8865e+03,  2.2739e+04],
         [ 3.9167e+03,  1.8451e+01, -4.6574e+01,  1.0712e+02],
         [-9.8865e+03, -4.6574e+01,  1.1970e+02, -2.7323e+02],
         [ 2.2739e+04,  1.0712e+02, -2.7323e+02,  2.8485e+04]],

        [[ 2.8425e+00,  2.5867e+01,  3.7744e+01,  6.6197e+01],
         [ 2.5867e+01,  2.3540e+02,  3.4320e+02,  6.0484e+02],
         [ 3.7744e+01,  3.4320e+02,  5.3003e+02,  6.2474e+02],
         [ 6.6197e+01,  6.0484e+02,  6.2474e+02,         inf]],

        [[ 3.1629e+04, -6.5069e+04,         nan, -1.3270e+03],
         [-6.5069e+04,  1.3386e+05,         nan,  2.7301e+03],
         [        nan,         nan,         inf,         inf],
         [-1.3270e+03,  2.7301e+03,         inf,  6.5469e+05]]],
       grad_fn=<PermuteBackward0>)
