Traceback (most recent call last):
  File "gmm_run_concrete_penguin.py", line 106, in <module>
    tmp_flow,tmp_loss=trainGMMRealNVP(
  File "/arc/project/st-tdjc-1/madmix/examples/gmm/penguin/../../../src/concrete.py", line 704, in trainGMMRealNVP
    loss = -flow.log_prob(sample).mean()
  File "/arc/project/st-tdjc-1/madmix/examples/gmm/penguin/../../../src/concrete.py", line 406, in log_prob
    return self.prior.log_prob(z) + logp
  File "/arc/project/st-tdjc-1/madmix/examples/gmm/penguin/../../../src/concrete.py", line 558, in log_prob
    xc_lp += self.invwis.log_prob(torch.moveaxis(Sigmas[k,...],2,0))
  File "/home/giank/.local/lib/python3.8/site-packages/torch/distributions/wishart.py", line 271, in log_prob
    self._validate_sample(value)
  File "/home/giank/.local/lib/python3.8/site-packages/torch/distributions/distribution.py", line 300, in _validate_sample
    raise ValueError(
ValueError: Expected value argument (Tensor of shape (1000, 4, 4)) to be within the support (PositiveDefinite()) of the distribution Wishart(covariance_matrix: torch.Size([4, 4]), df: 111.0), but found invalid values:
tensor([[[ 8.8752e-01,  1.8974e+00, -2.4584e-01,  1.0007e+00],
         [ 1.8974e+00,  4.1220e+00, -8.2029e-01,  2.3522e+00],
         [-2.4584e-01, -8.2029e-01,  1.3931e+00, -1.2358e+00],
         [ 1.0007e+00,  2.3522e+00, -1.2358e+00,  2.3502e+00]],

        [[ 2.0908e-01,  4.6093e-01,  2.8558e-02,  9.5417e-01],
         [ 4.6093e-01,  1.4318e+00, -6.4416e-01,  2.6306e+00],
         [ 2.8558e-02, -6.4416e-01,  1.2083e+00, -7.4245e-01],
         [ 9.5417e-01,  2.6306e+00, -7.4245e-01,  6.2646e+00]],

        [[ 2.2302e-01,  7.6185e-01, -4.3619e-02,  6.4008e-01],
         [ 7.6185e-01,  3.0247e+00, -1.4467e+00,  2.8380e+00],
         [-4.3619e-02, -1.4467e+00,  3.9978e+00, -2.1269e+00],
         [ 6.4008e-01,  2.8380e+00, -2.1269e+00,  3.7626e+00]],

        ...,

        [[ 6.1478e-01,  7.1791e-01, -1.6354e-01,  1.2460e+00],
         [ 7.1791e-01,  8.9404e-01, -3.9067e-01,  1.6074e+00],
         [-1.6354e-01, -3.9067e-01,  7.6231e-01, -8.4388e-01],
         [ 1.2460e+00,  1.6074e+00, -8.4388e-01,  1.6834e+01]],

        [[ 1.8021e-01,  4.3872e-01, -9.6927e-03,  4.2661e-01],
         [ 4.3872e-01,  1.3735e+00, -1.1645e+00,  1.8922e+00],
         [-9.6927e-03, -1.1645e+00,  4.2612e+00, -3.2122e+00],
         [ 4.2661e-01,  1.8922e+00, -3.2122e+00,  2.1240e+01]],

        [[ 1.6747e+00,  1.9455e+00,  1.6724e-01,  1.8924e+00],
         [ 1.9455e+00,  2.3610e+00,  2.5482e-01,  2.5016e+00],
         [ 1.6724e-01,  2.5482e-01,  5.3338e-02,  3.7482e-01],
         [ 1.8924e+00,  2.5016e+00,  3.7482e-01,  6.8002e+00]]],
       grad_fn=<PermuteBackward0>)
