Traceback (most recent call last):
  File "gmm_run_concrete_penguin.py", line 106, in <module>
    tmp_flow,tmp_loss=trainGMMRealNVP(
  File "/arc/project/st-tdjc-1/madmix/examples/gmm/penguin/../../../src/concrete.py", line 704, in trainGMMRealNVP
    loss = -flow.log_prob(sample).mean()
  File "/arc/project/st-tdjc-1/madmix/examples/gmm/penguin/../../../src/concrete.py", line 406, in log_prob
    return self.prior.log_prob(z) + logp
  File "/arc/project/st-tdjc-1/madmix/examples/gmm/penguin/../../../src/concrete.py", line 558, in log_prob
    xc_lp += self.invwis.log_prob(torch.moveaxis(Sigmas[k,...],2,0))
  File "/home/giank/.local/lib/python3.8/site-packages/torch/distributions/wishart.py", line 271, in log_prob
    self._validate_sample(value)
  File "/home/giank/.local/lib/python3.8/site-packages/torch/distributions/distribution.py", line 300, in _validate_sample
    raise ValueError(
ValueError: Expected value argument (Tensor of shape (1000, 4, 4)) to be within the support (PositiveDefinite()) of the distribution Wishart(covariance_matrix: torch.Size([4, 4]), df: 111.0), but found invalid values:
tensor([[[        inf,         inf,         inf,        -inf],
         [        inf,  2.0561e+32,  1.9084e+32, -4.6670e+33],
         [        inf,  1.9084e+32,  1.7716e+32, -4.3311e+33],
         [       -inf, -4.6670e+33, -4.3311e+33,  1.0594e+35]],

        [[ 0.0000e+00,  0.0000e+00,  0.0000e+00,  0.0000e+00],
         [ 0.0000e+00,  1.3875e+29, -2.5054e+30,  1.3284e+29],
         [ 0.0000e+00, -2.5054e+30,  5.3578e+31, -1.7163e+31],
         [ 0.0000e+00,  1.3284e+29, -1.7163e+31,  2.6331e+31]],

        [[        inf,        -inf,         nan,        -inf],
         [       -inf,  2.7451e+29,         nan,  3.6602e+29],
         [        nan,         nan,         inf,        -inf],
         [       -inf,  3.6602e+29,        -inf,  1.9261e+31]],

        ...,

        [[        inf,        -inf,         inf,        -inf],
         [       -inf,  9.2028e+31, -1.7051e+31,  6.7307e+30],
         [        inf, -1.7051e+31,  2.0677e+31, -3.1134e+31],
         [       -inf,  6.7307e+30, -3.1134e+31,  5.7289e+31]],

        [[ 0.0000e+00,  0.0000e+00,  0.0000e+00,  0.0000e+00],
         [ 0.0000e+00,  7.8963e+29,  5.0300e+29,  2.0554e+29],
         [ 0.0000e+00,  5.0300e+29,  2.7539e+30,  1.2059e+31],
         [ 0.0000e+00,  2.0554e+29,  1.2059e+31,  5.8687e+31]],

        [[        inf,         inf,         nan,        -inf],
         [        inf,  7.2614e+29,         nan, -3.8192e+29],
         [        nan,         nan,         inf,        -inf],
         [       -inf, -3.8192e+29,        -inf,  1.3612e+31]]],
       grad_fn=<PermuteBackward0>)
