Traceback (most recent call last):
  File "gmm_run_concrete_penguin.py", line 106, in <module>
    tmp_flow,tmp_loss=trainGMMRealNVP(
  File "/arc/project/st-tdjc-1/madmix/examples/gmm/penguin/../../../src/concrete.py", line 704, in trainGMMRealNVP
    loss = -flow.log_prob(sample).mean()
  File "/arc/project/st-tdjc-1/madmix/examples/gmm/penguin/../../../src/concrete.py", line 406, in log_prob
    return self.prior.log_prob(z) + logp
  File "/arc/project/st-tdjc-1/madmix/examples/gmm/penguin/../../../src/concrete.py", line 558, in log_prob
    xc_lp += self.invwis.log_prob(torch.moveaxis(Sigmas[k,...],2,0))
  File "/home/giank/.local/lib/python3.8/site-packages/torch/distributions/wishart.py", line 271, in log_prob
    self._validate_sample(value)
  File "/home/giank/.local/lib/python3.8/site-packages/torch/distributions/distribution.py", line 300, in _validate_sample
    raise ValueError(
ValueError: Expected value argument (Tensor of shape (1000, 4, 4)) to be within the support (PositiveDefinite()) of the distribution Wishart(covariance_matrix: torch.Size([4, 4]), df: 111.0), but found invalid values:
tensor([[[ 0.0000e+00,         nan,  0.0000e+00,  0.0000e+00],
         [        nan,         inf,         inf,        -inf],
         [ 0.0000e+00,         inf,  3.6492e+17, -2.3213e+17],
         [ 0.0000e+00,        -inf, -2.3213e+17,  2.4271e+17]],

        [[        inf,        -inf,        -inf,        -inf],
         [       -inf,  1.3149e+14,  1.2433e+14,  5.2518e+15],
         [       -inf,  1.2433e+14,  7.6237e+16,  1.7030e+17],
         [       -inf,  5.2518e+15,  1.7030e+17,  8.0032e+17]],

        [[        inf,        -inf,         inf,         inf],
         [       -inf,  1.0937e+14, -1.7623e+15, -1.0198e+15],
         [        inf, -1.7623e+15,  2.9419e+16,  1.5620e+16],
         [        inf, -1.0198e+15,  1.5620e+16,  7.9749e+16]],

        ...,

        [[        inf,        -inf,        -inf,        -inf],
         [       -inf,  3.1175e+15,  3.3560e+15,  1.7050e+16],
         [       -inf,  3.3560e+15,  9.6759e+15,  1.2402e+16],
         [       -inf,  1.7050e+16,  1.2402e+16,  1.5794e+17]],

        [[        inf,         nan,         inf,        -inf],
         [        nan,         inf,        -inf,        -inf],
         [        inf,        -inf,  1.6957e+16, -1.8796e+15],
         [       -inf,        -inf, -1.8796e+15,  4.3464e+16]],

        [[        inf,         inf,         inf,        -inf],
         [        inf,  2.1522e+13,  1.5015e+14, -6.6188e+14],
         [        inf,  1.5015e+14,  1.2687e+16, -8.8924e+15],
         [       -inf, -6.6188e+14, -8.8924e+15,  1.4391e+17]]],
       grad_fn=<PermuteBackward0>)
