Traceback (most recent call last):
  File "gmm_run_concrete_penguin.py", line 106, in <module>
    tmp_flow,tmp_loss=trainGMMRealNVP(
  File "/arc/project/st-tdjc-1/madmix/examples/gmm/penguin/../../../src/concrete.py", line 704, in trainGMMRealNVP
    loss = -flow.log_prob(sample).mean()
  File "/arc/project/st-tdjc-1/madmix/examples/gmm/penguin/../../../src/concrete.py", line 406, in log_prob
    return self.prior.log_prob(z) + logp
  File "/arc/project/st-tdjc-1/madmix/examples/gmm/penguin/../../../src/concrete.py", line 558, in log_prob
    xc_lp += self.invwis.log_prob(torch.moveaxis(Sigmas[k,...],2,0))
  File "/home/giank/.local/lib/python3.8/site-packages/torch/distributions/wishart.py", line 271, in log_prob
    self._validate_sample(value)
  File "/home/giank/.local/lib/python3.8/site-packages/torch/distributions/distribution.py", line 300, in _validate_sample
    raise ValueError(
ValueError: Expected value argument (Tensor of shape (1000, 4, 4)) to be within the support (PositiveDefinite()) of the distribution Wishart(covariance_matrix: torch.Size([4, 4]), df: 111.0), but found invalid values:
tensor([[[        inf,         nan,        -inf,         nan],
         [        nan,         inf,         inf,         nan],
         [       -inf,         inf,  1.0303e+07,         nan],
         [        nan,         nan,         nan,         inf]],

        [[ 8.0579e+01, -5.8005e-01, -3.6342e+01,  4.2624e+00],
         [-5.8005e-01,  2.2585e+03, -2.7006e+01,  3.6747e+01],
         [-3.6342e+01, -2.7006e+01,  4.6796e+01,  1.0422e+01],
         [ 4.2624e+00,  3.6747e+01,  1.0422e+01,  1.8099e+01]],

        [[ 2.2448e+02, -2.3704e+00, -2.7020e+01, -1.0228e+01],
         [-2.3704e+00,  4.6196e+05, -1.8149e+03,  1.2500e+03],
         [-2.7020e+01, -1.8149e+03,  4.7260e+01,  3.4232e+01],
         [-1.0228e+01,  1.2500e+03,  3.4232e+01,  4.9150e+01]],

        ...,

        [[ 1.0119e+08, -1.5292e+04,  1.6892e+05,  1.0987e+05],
         [-1.5292e+04,  2.4092e+07,  5.7421e+04,  1.0577e+05],
         [ 1.6892e+05,  5.7421e+04,  5.0811e+02,  1.8448e+02],
         [ 1.0987e+05,  1.0577e+05,  1.8448e+02,  1.0099e+06]],

        [[ 1.0843e+06, -4.1678e+02,  1.2893e+04,  8.9677e+03],
         [-4.1678e+02,  9.5895e+03,  3.0870e+02,  6.8697e+02],
         [ 1.2893e+04,  3.0870e+02,  3.7773e+02, -5.5591e+01],
         [ 8.9677e+03,  6.8697e+02, -5.5591e+01,  3.3880e+03]],

        [[        inf,         nan,        -inf,         nan],
         [        nan,         inf,         inf,         nan],
         [       -inf,         inf,  1.8705e+06,         nan],
         [        nan,         nan,         nan,         inf]]],
       grad_fn=<PermuteBackward0>)
