Traceback (most recent call last):
  File "gmm_run_concrete_penguin.py", line 106, in <module>
    tmp_flow,tmp_loss=trainGMMRealNVP(
  File "/arc/project/st-tdjc-1/madmix/examples/gmm/penguin/../../../src/concrete.py", line 704, in trainGMMRealNVP
    loss = -flow.log_prob(sample).mean()
  File "/arc/project/st-tdjc-1/madmix/examples/gmm/penguin/../../../src/concrete.py", line 406, in log_prob
    return self.prior.log_prob(z) + logp
  File "/arc/project/st-tdjc-1/madmix/examples/gmm/penguin/../../../src/concrete.py", line 558, in log_prob
    xc_lp += self.invwis.log_prob(torch.moveaxis(Sigmas[k,...],2,0))
  File "/home/giank/.local/lib/python3.8/site-packages/torch/distributions/wishart.py", line 271, in log_prob
    self._validate_sample(value)
  File "/home/giank/.local/lib/python3.8/site-packages/torch/distributions/distribution.py", line 300, in _validate_sample
    raise ValueError(
ValueError: Expected value argument (Tensor of shape (1000, 4, 4)) to be within the support (PositiveDefinite()) of the distribution Wishart(covariance_matrix: torch.Size([4, 4]), df: 111.0), but found invalid values:
tensor([[[        inf,  9.3654e+20,  1.9589e+20,  5.3149e+19],
         [ 9.3654e+20,  4.2330e+02,  8.8541e+01,  2.4023e+01],
         [ 1.9589e+20,  8.8541e+01,  2.4472e+01,  2.9068e+01],
         [ 5.3149e+19,  2.4023e+01,  2.9068e+01,  2.6393e+05]],

        [[ 1.8724e+10, -5.8351e+05,  1.0234e+06, -1.8549e+05],
         [-5.8351e+05,  1.8184e+01, -3.1891e+01,  5.7804e+00],
         [ 1.0234e+06, -3.1891e+01,  3.4343e+02, -4.3577e+02],
         [-1.8549e+05,  5.7804e+00, -4.3577e+02,  2.9124e+04]],

        [[ 0.0000e+00,  0.0000e+00,  0.0000e+00,  0.0000e+00],
         [ 0.0000e+00,  1.5057e+03,  1.0420e+04, -5.1455e+02],
         [ 0.0000e+00,  1.0420e+04,  7.5521e+04, -5.2997e+03],
         [ 0.0000e+00, -5.1455e+02, -5.2997e+03,  9.2195e+03]],

        ...,

        [[ 0.0000e+00,  0.0000e+00,  0.0000e+00,  0.0000e+00],
         [ 0.0000e+00,  2.2306e+01,  1.0286e+02, -3.5172e+01],
         [ 0.0000e+00,  1.0286e+02,  4.9340e+02, -1.7783e+02],
         [ 0.0000e+00, -3.5172e+01, -1.7783e+02,  8.6861e+02]],

        [[ 1.5728e+00,  6.5898e+00,  1.8211e+02, -1.6188e+02],
         [ 6.5898e+00,  2.7611e+01,  7.6304e+02, -6.7827e+02],
         [ 1.8211e+02,  7.6304e+02,  2.1114e+04, -1.8836e+04],
         [-1.6188e+02, -6.7827e+02, -1.8836e+04,  1.6497e+05]],

        [[ 5.3143e-06, -1.5161e-03,  6.5574e-02, -5.8766e-02],
         [-1.5161e-03,  4.3254e-01, -1.8707e+01,  1.6765e+01],
         [ 6.5574e-02, -1.8707e+01,  1.5815e+03, -8.9404e+02],
         [-5.8766e-02,  1.6765e+01, -8.9404e+02,  7.6132e+02]]],
       grad_fn=<PermuteBackward0>)
