Traceback (most recent call last):
  File "gmm_run_concrete_penguin.py", line 106, in <module>
    tmp_flow,tmp_loss=trainGMMRealNVP(
  File "/arc/project/st-tdjc-1/madmix/examples/gmm/penguin/../../../src/concrete.py", line 704, in trainGMMRealNVP
    loss = -flow.log_prob(sample).mean()
  File "/arc/project/st-tdjc-1/madmix/examples/gmm/penguin/../../../src/concrete.py", line 406, in log_prob
    return self.prior.log_prob(z) + logp
  File "/arc/project/st-tdjc-1/madmix/examples/gmm/penguin/../../../src/concrete.py", line 558, in log_prob
    xc_lp += self.invwis.log_prob(torch.moveaxis(Sigmas[k,...],2,0))
  File "/home/giank/.local/lib/python3.8/site-packages/torch/distributions/wishart.py", line 271, in log_prob
    self._validate_sample(value)
  File "/home/giank/.local/lib/python3.8/site-packages/torch/distributions/distribution.py", line 300, in _validate_sample
    raise ValueError(
ValueError: Expected value argument (Tensor of shape (1000, 4, 4)) to be within the support (PositiveDefinite()) of the distribution Wishart(covariance_matrix: torch.Size([4, 4]), df: 111.0), but found invalid values:
tensor([[[ 1.3683e+00, -4.1588e+00,  1.7181e+01, -1.2781e+02],
         [-4.1588e+00,  1.2640e+01, -5.2221e+01,  3.8848e+02],
         [ 1.7181e+01, -5.2221e+01,  4.9102e+02, -1.7610e+03],
         [-1.2781e+02,  3.8848e+02, -1.7610e+03,  3.4445e+18]],

        [[ 9.3528e-36, -5.0965e-17,  8.8221e-17,         nan],
         [-5.0965e-17,  2.7772e+02, -4.8073e+02,         nan],
         [ 8.8221e-17, -4.8073e+02,  8.3377e+02,         nan],
         [        nan,         nan,         nan,         inf]],

        [[ 7.8425e-41, -1.7882e-19,  5.4472e-20, -2.3428e-18],
         [-1.7882e-19,  4.0773e+02, -1.2420e+02,  5.3418e+03],
         [ 5.4472e-20, -1.2420e+02,  2.0232e+06,  9.4651e+04],
         [-2.3428e-18,  5.3418e+03,  9.4651e+04,  7.4635e+04]],

        ...,

        [[ 6.2988e-37, -3.7220e-17,  2.5496e-17,         nan],
         [-3.7220e-17,  2.1994e+03, -1.5066e+03,         nan],
         [ 2.5496e-17, -1.5066e+03,  2.4093e+03,         nan],
         [        nan,         nan,         nan,         inf]],

        [[ 2.3689e-05,  3.3206e-02,  5.9402e-02, -2.1382e+00],
         [ 3.3206e-02,  4.6549e+01,  8.3463e+01, -2.9973e+03],
         [ 5.9402e-02,  8.3463e+01,  1.8439e+02, -5.3747e+03],
         [-2.1382e+00, -2.9973e+03, -5.3747e+03,  2.3580e+05]],

        [[ 1.3967e-04, -5.5312e-03,  6.6718e-02, -3.0943e-01],
         [-5.5312e-03,  2.1905e-01, -2.6433e+00,  1.2254e+01],
         [ 6.6718e-02, -2.6433e+00,  8.2893e+01, -1.4546e+02],
         [-3.0943e-01,  1.2254e+01, -1.4546e+02,  1.0622e+03]]],
       grad_fn=<PermuteBackward0>)
