Traceback (most recent call last):
  File "gmm_run_concrete_penguin.py", line 106, in <module>
    tmp_flow,tmp_loss=trainGMMRealNVP(
  File "/arc/project/st-tdjc-1/madmix/examples/gmm/penguin/../../../src/concrete.py", line 704, in trainGMMRealNVP
    loss = -flow.log_prob(sample).mean()
  File "/arc/project/st-tdjc-1/madmix/examples/gmm/penguin/../../../src/concrete.py", line 406, in log_prob
    return self.prior.log_prob(z) + logp
  File "/arc/project/st-tdjc-1/madmix/examples/gmm/penguin/../../../src/concrete.py", line 558, in log_prob
    xc_lp += self.invwis.log_prob(torch.moveaxis(Sigmas[k,...],2,0))
  File "/home/giank/.local/lib/python3.8/site-packages/torch/distributions/wishart.py", line 271, in log_prob
    self._validate_sample(value)
  File "/home/giank/.local/lib/python3.8/site-packages/torch/distributions/distribution.py", line 300, in _validate_sample
    raise ValueError(
ValueError: Expected value argument (Tensor of shape (1000, 4, 4)) to be within the support (PositiveDefinite()) of the distribution Wishart(covariance_matrix: torch.Size([4, 4]), df: 111.0), but found invalid values:
tensor([[[ 6.2200e-15,  4.6686e-07, -9.4627e-07,  2.4367e-08],
         [ 4.6686e-07,  3.5042e+01, -7.1027e+01,  1.8258e+00],
         [-9.4627e-07, -7.1027e+01,  2.2941e+02,  3.7550e+02],
         [ 2.4367e-08,  1.8258e+00,  3.7550e+02,  3.0790e+14]],

        [[ 6.6889e-04, -2.8590e-01, -1.0734e-01,  4.5070e-02],
         [-2.8590e-01,  1.2225e+02,  4.6174e+01, -1.8574e+01],
         [-1.0734e-01,  4.6174e+01,  7.1013e+10, -1.1790e+06],
         [ 4.5070e-02, -1.8574e+01, -1.1790e+06,  2.4465e+10]],

        [[ 5.0040e-04, -1.8556e-01, -8.3857e-02,  4.6075e-02],
         [-1.8556e-01,  6.8983e+01,  2.7210e+01, -1.7453e+01],
         [-8.3857e-02,  2.7210e+01,  1.0645e+03, -5.4895e+01],
         [ 4.6075e-02, -1.7453e+01, -5.4895e+01,  5.4404e+01]],

        ...,

        [[ 2.3796e-09, -2.7725e-03, -1.2313e-03, -2.3326e-05],
         [-2.7725e-03,  3.2304e+03,  1.4347e+03,  2.7163e+01],
         [-1.2313e-03,  1.4347e+03,  6.3730e+02,  1.5981e+01],
         [-2.3326e-05,  2.7163e+01,  1.5981e+01,         inf]],

        [[ 8.7956e-16, -4.3827e-06, -1.5910e-06,         nan],
         [-4.3827e-06,  2.1838e+04,  7.9275e+03,         nan],
         [-1.5910e-06,  7.9275e+03,  2.9683e+03,         nan],
         [        nan,         nan,         nan,         inf]],

        [[ 1.9784e-01, -1.6766e+01, -1.0340e+01,  9.6438e+00],
         [-1.6766e+01,  1.4209e+03,  8.7620e+02, -8.1824e+02],
         [-1.0340e+01,  8.7620e+02,  2.9384e+13, -5.1500e+07],
         [ 9.6438e+00, -8.1824e+02, -5.1500e+07,         inf]]],
       grad_fn=<PermuteBackward0>)
