Traceback (most recent call last):
  File "gmm_run_concrete_penguin.py", line 106, in <module>
    tmp_flow,tmp_loss=trainGMMRealNVP(
  File "/arc/project/st-tdjc-1/madmix/examples/gmm/penguin/../../../src/concrete.py", line 704, in trainGMMRealNVP
    loss = -flow.log_prob(sample).mean()
  File "/arc/project/st-tdjc-1/madmix/examples/gmm/penguin/../../../src/concrete.py", line 406, in log_prob
    return self.prior.log_prob(z) + logp
  File "/arc/project/st-tdjc-1/madmix/examples/gmm/penguin/../../../src/concrete.py", line 558, in log_prob
    xc_lp += self.invwis.log_prob(torch.moveaxis(Sigmas[k,...],2,0))
  File "/home/giank/.local/lib/python3.8/site-packages/torch/distributions/wishart.py", line 271, in log_prob
    self._validate_sample(value)
  File "/home/giank/.local/lib/python3.8/site-packages/torch/distributions/distribution.py", line 300, in _validate_sample
    raise ValueError(
ValueError: Expected value argument (Tensor of shape (1000, 4, 4)) to be within the support (PositiveDefinite()) of the distribution Wishart(covariance_matrix: torch.Size([4, 4]), df: 111.0), but found invalid values:
tensor([[[ 8.1566e-01, -3.3892e+01, -2.1188e+01, -2.1638e+00],
         [-3.3892e+01,  1.4083e+03,  8.8039e+02,  8.9921e+01],
         [-2.1188e+01,  8.8039e+02,  5.5582e+02,  1.2949e+02],
         [-2.1638e+00,  8.9921e+01,  1.2949e+02,  1.6858e+06]],

        [[ 2.0695e-03, -2.3121e-01, -4.4913e+00,  8.5217e-01],
         [-2.3121e-01,  2.5833e+01,  5.0182e+02, -9.5149e+01],
         [-4.4913e+00,  5.0182e+02,  9.2539e+05,  1.0703e+04],
         [ 8.5217e-01, -9.5149e+01,  1.0703e+04,  5.3015e+02]],

        [[ 1.0051e+02, -1.0572e+02, -3.3107e+02,  1.6644e+03],
         [-1.0572e+02,  1.1121e+02,  3.5129e+02, -1.7516e+03],
         [-3.3107e+02,  3.5129e+02,  3.2496e+08, -1.1077e+05],
         [ 1.6644e+03, -1.7516e+03, -1.1077e+05,  8.9590e+05]],

        ...,

        [[ 0.0000e+00, -4.7130e-23, -1.9406e-24,  6.6834e-23],
         [-4.7130e-23,  3.9063e+03,  1.6084e+02, -5.5394e+03],
         [-1.9406e-24,  1.6084e+02,         inf, -1.5091e+29],
         [ 6.6834e-23, -5.5394e+03, -1.5091e+29,  7.8926e+03]],

        [[ 1.3129e-03,  8.8883e-02,  2.3526e-01,  4.8846e-01],
         [ 8.8883e-02,  6.0426e+00,  1.6534e+01,  3.6351e+01],
         [ 2.3526e-01,  1.6534e+01,  5.6701e+01,  1.6611e+02],
         [ 4.8846e-01,  3.6351e+01,  1.6611e+02,  6.1695e+02]],

        [[ 1.2549e+10, -2.8784e+06,  2.8896e+05,  5.1048e+06],
         [-2.8784e+06,  6.6021e+02, -6.6279e+01, -1.1709e+03],
         [ 2.8896e+05, -6.6279e+01,  5.2955e+01,  8.6210e+01],
         [ 5.1048e+06, -1.1709e+03,  8.6210e+01,  2.3385e+03]]],
       grad_fn=<PermuteBackward0>)
