Traceback (most recent call last):
  File "gmm_run_concrete_penguin.py", line 106, in <module>
    tmp_flow,tmp_loss=trainGMMRealNVP(
  File "/arc/project/st-tdjc-1/madmix/examples/gmm/penguin/../../../src/concrete.py", line 704, in trainGMMRealNVP
    loss = -flow.log_prob(sample).mean()
  File "/arc/project/st-tdjc-1/madmix/examples/gmm/penguin/../../../src/concrete.py", line 406, in log_prob
    return self.prior.log_prob(z) + logp
  File "/arc/project/st-tdjc-1/madmix/examples/gmm/penguin/../../../src/concrete.py", line 558, in log_prob
    xc_lp += self.invwis.log_prob(torch.moveaxis(Sigmas[k,...],2,0))
  File "/home/giank/.local/lib/python3.8/site-packages/torch/distributions/wishart.py", line 271, in log_prob
    self._validate_sample(value)
  File "/home/giank/.local/lib/python3.8/site-packages/torch/distributions/distribution.py", line 300, in _validate_sample
    raise ValueError(
ValueError: Expected value argument (Tensor of shape (1000, 4, 4)) to be within the support (PositiveDefinite()) of the distribution Wishart(covariance_matrix: torch.Size([4, 4]), df: 111.0), but found invalid values:
tensor([[[ 0.0000e+00, -1.7501e-28,  1.6197e-28, -3.1142e-29],
         [-1.7501e-28,  1.2336e+04, -1.1146e+04,  2.5698e+03],
         [ 1.6197e-28, -1.1146e+04,  1.5506e+04,  5.2075e+03],
         [-3.1142e-29,  2.5698e+03,  5.2075e+03,  1.1786e+05]],

        [[ 3.6938e-42,         nan,         nan, -4.6409e-19],
         [        nan,         inf,         nan,         inf],
         [        nan,         nan,         inf,         inf],
         [-4.6409e-19,         inf,         inf,         inf]],

        [[ 1.0140e-12, -2.4752e-05, -9.4886e-05, -9.8210e-05],
         [-2.4752e-05,  3.7563e+19,  5.1123e+10,  2.6901e+11],
         [-9.4886e-05,  5.1123e+10,  8.9484e+03,  9.5559e+03],
         [-9.8210e-05,  2.6901e+11,  9.5559e+03,  1.2760e+04]],

        ...,

        [[ 8.2013e+17, -5.2170e+06,  2.6511e+10, -4.6092e+09],
         [-5.2170e+06,  3.3186e-05, -1.6864e-01,  2.9320e-02],
         [ 2.6511e+10, -1.6864e-01,  4.9206e+05,  1.1138e+05],
         [-4.6092e+09,  2.9320e-02,  1.1138e+05,  1.2246e+36]],

        [[        inf,        -inf,        -inf,         inf],
         [       -inf,  1.4649e+06,  1.0233e+06, -6.4362e+04],
         [       -inf,  1.0233e+06,  7.1487e+05, -4.4829e+04],
         [        inf, -6.4362e+04, -4.4829e+04,  1.7112e+04]],

        [[ 0.0000e+00, -1.0528e-26,  1.0510e-24, -1.5111e-25],
         [-1.0528e-26,         inf,  1.5022e+24,  4.3549e+25],
         [ 1.0510e-24,  1.5022e+24,  8.9663e+07, -2.8540e+05],
         [-1.5111e-25,  4.3549e+25, -2.8540e+05,  1.2094e+07]]],
       grad_fn=<PermuteBackward0>)
