Traceback (most recent call last):
  File "gmm_run_concrete_penguin.py", line 106, in <module>
    tmp_flow,tmp_loss=trainGMMRealNVP(
  File "/arc/project/st-tdjc-1/madmix/examples/gmm/penguin/../../../src/concrete.py", line 704, in trainGMMRealNVP
    loss = -flow.log_prob(sample).mean()
  File "/arc/project/st-tdjc-1/madmix/examples/gmm/penguin/../../../src/concrete.py", line 406, in log_prob
    return self.prior.log_prob(z) + logp
  File "/arc/project/st-tdjc-1/madmix/examples/gmm/penguin/../../../src/concrete.py", line 558, in log_prob
    xc_lp += self.invwis.log_prob(torch.moveaxis(Sigmas[k,...],2,0))
  File "/home/giank/.local/lib/python3.8/site-packages/torch/distributions/wishart.py", line 271, in log_prob
    self._validate_sample(value)
  File "/home/giank/.local/lib/python3.8/site-packages/torch/distributions/distribution.py", line 300, in _validate_sample
    raise ValueError(
ValueError: Expected value argument (Tensor of shape (1000, 4, 4)) to be within the support (PositiveDefinite()) of the distribution Wishart(covariance_matrix: torch.Size([4, 4]), df: 111.0), but found invalid values:
tensor([[[ 3.3644e-04,  3.2031e-02,  5.0820e-03, -1.6131e-02],
         [ 3.2031e-02,  3.0496e+00,  5.3438e-01, -1.5412e+00],
         [ 5.0820e-03,  5.3438e-01,  1.0263e+02, -1.9729e+00],
         [-1.6131e-02, -1.5412e+00, -1.9729e+00,  3.0177e+01]],

        [[ 0.0000e+00,  2.6566e-25,  3.0605e-24,  6.2923e-26],
         [ 2.6566e-25,  4.8835e+01,  5.6260e+02,  1.1567e+01],
         [ 3.0605e-24,  5.6260e+02,  1.0735e+04, -2.3506e+03],
         [ 6.2923e-26,  1.1567e+01, -2.3506e+03,  3.5604e+11]],

        [[ 9.2818e-33, -3.8462e-16,  2.4553e-15,  1.1714e-16],
         [-3.8462e-16,  1.5938e+01, -1.0174e+02, -4.8540e+00],
         [ 2.4553e-15, -1.0174e+02,  6.9067e+02,  1.3303e+01],
         [ 1.1714e-16, -4.8540e+00,  1.3303e+01,  1.3867e+02]],

        ...,

        [[ 6.5280e-21,  1.5419e-10,  8.0025e-09, -3.9365e-09],
         [ 1.5419e-10,  3.6421e+00,  1.8902e+02, -9.2980e+01],
         [ 8.0025e-09,  1.8902e+02,  9.8101e+03, -4.8297e+03],
         [-3.9365e-09, -9.2980e+01, -4.8297e+03,  1.1716e+04]],

        [[ 0.0000e+00,  0.0000e+00,  0.0000e+00,  0.0000e+00],
         [ 0.0000e+00,  1.9883e+03,  1.2673e+04, -3.6872e+03],
         [ 0.0000e+00,  1.2673e+04,  9.0721e+04, -2.7538e+04],
         [ 0.0000e+00, -3.6872e+03, -2.7538e+04,  8.9769e+03]],

        [[ 0.0000e+00,  0.0000e+00,  0.0000e+00,  0.0000e+00],
         [ 0.0000e+00,  5.9267e+00,  2.8646e+00,  6.3080e+01],
         [ 0.0000e+00,  2.8646e+00,  2.7415e+02, -1.1201e+03],
         [ 0.0000e+00,  6.3080e+01, -1.1201e+03,  6.9011e+03]]],
       grad_fn=<PermuteBackward0>)
