Traceback (most recent call last):
  File "gmm_run_concrete_penguin.py", line 106, in <module>
    tmp_flow,tmp_loss=trainGMMRealNVP(
  File "/arc/project/st-tdjc-1/madmix/examples/gmm/penguin/../../../src/concrete.py", line 704, in trainGMMRealNVP
    loss = -flow.log_prob(sample).mean()
  File "/arc/project/st-tdjc-1/madmix/examples/gmm/penguin/../../../src/concrete.py", line 406, in log_prob
    return self.prior.log_prob(z) + logp
  File "/arc/project/st-tdjc-1/madmix/examples/gmm/penguin/../../../src/concrete.py", line 558, in log_prob
    xc_lp += self.invwis.log_prob(torch.moveaxis(Sigmas[k,...],2,0))
  File "/home/giank/.local/lib/python3.8/site-packages/torch/distributions/wishart.py", line 271, in log_prob
    self._validate_sample(value)
  File "/home/giank/.local/lib/python3.8/site-packages/torch/distributions/distribution.py", line 300, in _validate_sample
    raise ValueError(
ValueError: Expected value argument (Tensor of shape (1000, 4, 4)) to be within the support (PositiveDefinite()) of the distribution Wishart(covariance_matrix: torch.Size([4, 4]), df: 111.0), but found invalid values:
tensor([[[ 4.0062e+06, -9.8172e+03,  4.0584e+02, -3.9208e+05],
         [-9.8172e+03,  2.4057e+01, -9.9451e-01,  9.6078e+02],
         [ 4.0584e+02, -9.9451e-01,  7.7871e+07, -9.1149e+05],
         [-3.9208e+05,  9.6078e+02, -9.1149e+05,  5.1678e+04]],

        [[ 3.2137e-03, -1.2844e+00,  1.2336e+00,         nan],
         [-1.2844e+00,  5.1330e+02, -4.9268e+02,         nan],
         [ 1.2336e+00, -4.9268e+02,  5.7843e+02,         nan],
         [        nan,         nan,         nan,         inf]],

        [[ 0.0000e+00,  0.0000e+00,  0.0000e+00,  0.0000e+00],
         [ 0.0000e+00,  8.3406e+02,  1.4717e+03, -1.7720e+04],
         [ 0.0000e+00,  1.4717e+03,  3.1713e+03, -3.1802e+04],
         [ 0.0000e+00, -1.7720e+04, -3.1802e+04,  5.6510e+05]],

        ...,

        [[ 0.0000e+00,  0.0000e+00,  0.0000e+00,         nan],
         [ 0.0000e+00,  3.5844e+04,  9.0576e+04,         nan],
         [ 0.0000e+00,  9.0576e+04,  2.3549e+05,         nan],
         [        nan,         nan,         nan,         inf]],

        [[ 4.6755e+06, -1.9164e+04,  2.1686e+05,  3.3513e+04],
         [-1.9164e+04,  7.8551e+01, -8.8887e+02, -1.3736e+02],
         [ 2.1686e+05, -8.8887e+02,  1.0143e+04,  1.8203e+03],
         [ 3.3513e+04, -1.3736e+02,  1.8203e+03,  1.5913e+05]],

        [[ 8.8319e+01, -2.7650e+02,  2.9664e+02, -2.9909e+03],
         [-2.7650e+02,  8.6562e+02, -9.2868e+02,  9.3635e+03],
         [ 2.9664e+02, -9.2868e+02,  3.1136e+03, -1.2167e+04],
         [-2.9909e+03,  9.3635e+03, -1.2167e+04,  1.0345e+05]]],
       grad_fn=<PermuteBackward0>)
