Traceback (most recent call last):
  File "gmm_run_dequant_penguin.py", line 97, in <module>
    tmp_flow,tmp_loss=dequantization.train_dequant_gmm(
  File "/arc/project/st-tdjc-1/madmix/examples/gmm/dequantization/penguin/dequantization.py", line 280, in train_dequant_gmm
    loss = -flow.log_prob(sample).mean()
  File "/arc/project/st-tdjc-1/madmix/examples/gmm/dequantization/penguin/concrete.py", line 406, in log_prob
    return self.prior.log_prob(z) + logp
  File "/arc/project/st-tdjc-1/madmix/examples/gmm/dequantization/penguin/dequantization.py", line 141, in log_prob
    xc_lp += self.invwis.log_prob(torch.moveaxis(Sigmas[k,...],2,0))
  File "/home/giank/.local/lib/python3.8/site-packages/torch/distributions/wishart.py", line 271, in log_prob
    self._validate_sample(value)
  File "/home/giank/.local/lib/python3.8/site-packages/torch/distributions/distribution.py", line 300, in _validate_sample
    raise ValueError(
ValueError: Expected value argument (Tensor of shape (1000, 4, 4)) to be within the support (PositiveDefinite()) of the distribution Wishart(covariance_matrix: torch.Size([4, 4]), df: 111.0), but found invalid values:
tensor([[[ 0.0351,  0.0454,  0.3811,  0.0704],
         [ 0.0454,  0.2314,  0.2384,  0.1462],
         [ 0.3811,  0.2384,  7.9002, -1.5786],
         [ 0.0704,  0.1462, -1.5786,  1.6655]],

        [[ 0.0164,  0.0207,  0.2634,  0.0488],
         [ 0.0207,  0.0618,  0.2652,  0.0995],
         [ 0.2634,  0.2652,  4.5436,  0.2906],
         [ 0.0488,  0.0995,  0.2906,  1.1936]],

        [[ 0.0250,  0.0688,  0.2600,  0.0408],
         [ 0.0688,  0.4669,  0.3351,  0.0848],
         [ 0.2600,  0.3351,  7.4538, -2.0404],
         [ 0.0408,  0.0848, -2.0404,  1.5450]],

        ...,

        [[ 0.0201,  0.0310,  0.2164,  0.0386],
         [ 0.0310,  0.1015,  0.2655,  0.0638],
         [ 0.2164,  0.2655,  3.3559, -0.1446],
         [ 0.0386,  0.0638, -0.1446,  0.4056]],

        [[ 0.0144,  0.0471,  0.3523,  0.0518],
         [ 0.0471,  0.3808,  0.9179,  0.2785],
         [ 0.3523,  0.9179, 11.8295, -1.7254],
         [ 0.0518,  0.2785, -1.7254,  3.0205]],

        [[ 0.0650,  0.0852,  0.6746,  0.1729],
         [ 0.0852,  0.2554,  0.7643,  0.2776],
         [ 0.6746,  0.7643,  7.5260,  1.1647],
         [ 0.1729,  0.2776,  1.1647,  1.2984]]], grad_fn=<PermuteBackward0>)
