Traceback (most recent call last):
  File "gmm_run_dequant_penguin.py", line 97, in <module>
    tmp_flow,tmp_loss=dequantization.train_dequant_gmm(
  File "/arc/project/st-tdjc-1/madmix/examples/gmm/dequantization/penguin/dequantization.py", line 280, in train_dequant_gmm
    loss = -flow.log_prob(sample).mean()
  File "/arc/project/st-tdjc-1/madmix/examples/gmm/dequantization/penguin/concrete.py", line 406, in log_prob
    return self.prior.log_prob(z) + logp
  File "/arc/project/st-tdjc-1/madmix/examples/gmm/dequantization/penguin/dequantization.py", line 141, in log_prob
    xc_lp += self.invwis.log_prob(torch.moveaxis(Sigmas[k,...],2,0))
  File "/home/giank/.local/lib/python3.8/site-packages/torch/distributions/wishart.py", line 271, in log_prob
    self._validate_sample(value)
  File "/home/giank/.local/lib/python3.8/site-packages/torch/distributions/distribution.py", line 300, in _validate_sample
    raise ValueError(
ValueError: Expected value argument (Tensor of shape (1000, 4, 4)) to be within the support (PositiveDefinite()) of the distribution Wishart(covariance_matrix: torch.Size([4, 4]), df: 111.0), but found invalid values:
tensor([[[ 6.8571e-03,  5.8810e-02,  1.4659e+00, -3.5021e+00],
         [ 5.8810e-02,  7.7471e+04, -5.0649e+03,  1.6806e+03],
         [ 1.4659e+00, -5.0649e+03,  6.4615e+02, -8.6079e+02],
         [-3.5021e+00,  1.6806e+03, -8.6079e+02,  1.8271e+03]],

        [[ 1.0250e-08,  2.0593e-04,  2.0656e-03,  3.1621e-04],
         [ 2.0593e-04,  3.5816e+18, -3.5512e+11,  4.1425e+09],
         [ 2.0656e-03, -3.5512e+11,  3.5627e+04, -3.4701e+02],
         [ 3.1621e-04,  4.1425e+09, -3.4701e+02,  1.5982e+01]],

        [[ 1.1686e+14, -1.1240e+08,  6.7825e+07, -2.2932e+08],
         [-1.1240e+08,  8.2664e+10, -7.2642e+08,  3.7374e+06],
         [ 6.7825e+07, -7.2642e+08,  6.3835e+06, -3.2974e+04],
         [-2.2932e+08,  3.7374e+06, -3.2974e+04,  6.2624e+02]],

        ...,

        [[ 3.2274e-03,  1.5741e-01,  8.9600e-02, -4.7420e-01],
         [ 1.5741e-01,  7.3535e+13, -9.4076e+09,  9.6811e+07],
         [ 8.9600e-02, -9.4076e+09,  1.2036e+06, -1.2399e+04],
         [-4.7420e-01,  9.6811e+07, -1.2399e+04,  2.0404e+02]],

        [[ 2.8719e+00,  4.5463e-01,  4.2606e+00, -1.5508e+01],
         [ 4.5463e-01,  2.2176e+01, -1.9306e+03,  2.1068e+01],
         [ 4.2606e+00, -1.9306e+03,  1.6875e+05, -2.0830e+03],
         [-1.5508e+01,  2.1068e+01, -2.0830e+03,  1.1481e+02]],

        [[ 0.0000e+00,  0.0000e+00,  0.0000e+00,  0.0000e+00],
         [ 0.0000e+00,         inf, -1.0797e+37,  2.4567e+34],
         [ 0.0000e+00, -1.0797e+37,  9.2607e+07, -1.9815e+05],
         [ 0.0000e+00,  2.4567e+34, -1.9815e+05,  3.8358e+04]]],
       grad_fn=<PermuteBackward0>)
