Traceback (most recent call last):
  File "gmm_run_dequant_penguin.py", line 97, in <module>
    tmp_flow,tmp_loss=dequantization.train_dequant_gmm(
  File "/arc/project/st-tdjc-1/madmix/examples/gmm/dequantization/penguin/dequantization.py", line 280, in train_dequant_gmm
    loss = -flow.log_prob(sample).mean()
  File "/arc/project/st-tdjc-1/madmix/examples/gmm/dequantization/penguin/concrete.py", line 406, in log_prob
    return self.prior.log_prob(z) + logp
  File "/arc/project/st-tdjc-1/madmix/examples/gmm/dequantization/penguin/dequantization.py", line 141, in log_prob
    xc_lp += self.invwis.log_prob(torch.moveaxis(Sigmas[k,...],2,0))
  File "/home/giank/.local/lib/python3.8/site-packages/torch/distributions/wishart.py", line 271, in log_prob
    self._validate_sample(value)
  File "/home/giank/.local/lib/python3.8/site-packages/torch/distributions/distribution.py", line 300, in _validate_sample
    raise ValueError(
ValueError: Expected value argument (Tensor of shape (1000, 4, 4)) to be within the support (PositiveDefinite()) of the distribution Wishart(covariance_matrix: torch.Size([4, 4]), df: 111.0), but found invalid values:
tensor([[[ 0.1473, -0.3468,  1.1034,  0.3734],
         [-0.3468,  1.1660, -1.5037, -0.4282],
         [ 1.1034, -1.5037, 11.6969,  4.2120],
         [ 0.3734, -0.4282,  4.2120,  1.5317]],

        [[ 0.0461, -0.2085,  0.5677,  0.1658],
         [-0.2085,  1.2843, -1.6379, -0.5273],
         [ 0.5677, -1.6379,  9.4929,  2.6345],
         [ 0.1658, -0.5273,  2.6345,  0.7581]],

        [[ 0.0589, -0.2729,  0.6520,  0.1833],
         [-0.2729,  1.4954, -2.0522, -0.5300],
         [ 0.6520, -2.0522, 11.2383,  3.3406],
         [ 0.1833, -0.5300,  3.3406,  1.0267]],

        ...,

        [[ 0.1465, -0.3822,  1.0214,  0.3975],
         [-0.3822,  1.2697, -1.3457, -0.5951],
         [ 1.0214, -1.3457, 13.4885,  4.9022],
         [ 0.3975, -0.5951,  4.9022,  1.7953]],

        [[ 0.0930, -0.2970,  0.8312,  0.3731],
         [-0.2970,  1.3191, -1.1711, -0.7269],
         [ 0.8312, -1.1711, 13.3512,  5.1897],
         [ 0.3731, -0.7269,  5.1897,  2.0809]],

        [[ 0.1335, -0.3901,  1.1053,  0.6466],
         [-0.3901,  1.4103, -1.6606, -1.6080],
         [ 1.1053, -1.6606, 18.2869,  6.9986],
         [ 0.6466, -1.6080,  6.9986,  3.4334]]], grad_fn=<PermuteBackward0>)
