Traceback (most recent call last):
  File "gmm_run_dequant_penguin.py", line 97, in <module>
    tmp_flow,tmp_loss=dequantization.train_dequant_gmm(
  File "/arc/project/st-tdjc-1/madmix/examples/gmm/dequantization/penguin/dequantization.py", line 280, in train_dequant_gmm
    loss = -flow.log_prob(sample).mean()
  File "/arc/project/st-tdjc-1/madmix/examples/gmm/dequantization/penguin/concrete.py", line 406, in log_prob
    return self.prior.log_prob(z) + logp
  File "/arc/project/st-tdjc-1/madmix/examples/gmm/dequantization/penguin/dequantization.py", line 141, in log_prob
    xc_lp += self.invwis.log_prob(torch.moveaxis(Sigmas[k,...],2,0))
  File "/home/giank/.local/lib/python3.8/site-packages/torch/distributions/wishart.py", line 271, in log_prob
    self._validate_sample(value)
  File "/home/giank/.local/lib/python3.8/site-packages/torch/distributions/distribution.py", line 300, in _validate_sample
    raise ValueError(
ValueError: Expected value argument (Tensor of shape (1000, 4, 4)) to be within the support (PositiveDefinite()) of the distribution Wishart(covariance_matrix: torch.Size([4, 4]), df: 111.0), but found invalid values:
tensor([[[ 4.7544e-01,  1.0672e+00,  6.0289e-01,  6.3212e-01],
         [ 1.0672e+00,  2.8166e+00,  1.6178e+00,  2.2262e+00],
         [ 6.0289e-01,  1.6178e+00,  3.8516e+00,  1.6939e+00],
         [ 6.3212e-01,  2.2262e+00,  1.6939e+00,  3.1145e+00]],

        [[ 6.4278e-01,  4.6796e-01,  6.0495e+00,  9.9344e-01],
         [ 4.6796e-01,  5.3355e-01,  4.6340e+00,  2.4636e+00],
         [ 6.0495e+00,  4.6340e+00,  1.8372e+08, -5.6201e+03],
         [ 9.9344e-01,  2.4636e+00, -5.6201e+03,  1.9867e+01]],

        [[ 3.1490e+01, -5.6892e+00,  3.8074e+01,  3.0447e+01],
         [-5.6892e+00,  1.2549e+00, -6.1841e+00, -4.3735e+00],
         [ 3.8074e+01, -6.1841e+00,  4.8161e+01,  4.0262e+01],
         [ 3.0447e+01, -4.3735e+00,  4.0262e+01,  3.3113e+02]],

        ...,

        [[ 1.3609e-09, -9.6678e-05,  3.1701e-04,  1.4772e-05],
         [-9.6678e-05,  7.0250e+00, -2.5261e+01, -1.5339e-02],
         [ 3.1701e-04, -2.5261e+01,  6.7095e+09,  2.2974e+04],
         [ 1.4772e-05, -1.5339e-02,  2.2974e+04,  2.3432e+13]],

        [[ 4.4216e+10,  5.6819e+05,  1.4381e+06,  3.9635e+05],
         [ 5.6819e+05,  7.4209e+00,  1.8705e+01,  6.6021e+00],
         [ 1.4381e+06,  1.8705e+01,  4.7198e+01,  1.5751e+01],
         [ 3.9635e+05,  6.6021e+00,  1.5751e+01,  2.3775e+01]],

        [[ 2.9750e-02,  5.0406e-01,  7.2694e-01,  1.9429e-01],
         [ 5.0406e-01,  8.9018e+00,  9.5647e+00,  6.8019e+00],
         [ 7.2694e-01,  9.5647e+00,  3.8723e+01, -2.1991e+01],
         [ 1.9429e-01,  6.8019e+00, -2.1991e+01,  2.0927e+04]]],
       grad_fn=<PermuteBackward0>)
