Traceback (most recent call last):
  File "gmm_run_dequant_penguin.py", line 97, in <module>
    tmp_flow,tmp_loss=dequantization.train_dequant_gmm(
  File "/arc/project/st-tdjc-1/madmix/examples/gmm/dequantization/penguin/dequantization.py", line 280, in train_dequant_gmm
    loss = -flow.log_prob(sample).mean()
  File "/arc/project/st-tdjc-1/madmix/examples/gmm/dequantization/penguin/concrete.py", line 406, in log_prob
    return self.prior.log_prob(z) + logp
  File "/arc/project/st-tdjc-1/madmix/examples/gmm/dequantization/penguin/dequantization.py", line 141, in log_prob
    xc_lp += self.invwis.log_prob(torch.moveaxis(Sigmas[k,...],2,0))
  File "/home/giank/.local/lib/python3.8/site-packages/torch/distributions/wishart.py", line 271, in log_prob
    self._validate_sample(value)
  File "/home/giank/.local/lib/python3.8/site-packages/torch/distributions/distribution.py", line 300, in _validate_sample
    raise ValueError(
ValueError: Expected value argument (Tensor of shape (1000, 4, 4)) to be within the support (PositiveDefinite()) of the distribution Wishart(covariance_matrix: torch.Size([4, 4]), df: 111.0), but found invalid values:
tensor([[[ 6.2243e-02,  9.8146e-02,  2.6633e+00, -1.6792e+00],
         [ 9.8146e-02,  2.9956e+00, -2.0800e+02,  4.7894e+00],
         [ 2.6633e+00, -2.0800e+02,  1.5965e+04, -6.2739e+02],
         [-1.6792e+00,  4.7894e+00, -6.2739e+02,  6.4832e+01]],

        [[ 3.1187e+01, -1.1051e+02,  1.8280e+01, -2.2118e+01],
         [-1.1051e+02,  3.9159e+02, -1.4701e+02,  7.9159e+01],
         [ 1.8280e+01, -1.4701e+02,  6.7752e+05, -6.4828e+03],
         [-2.2118e+01,  7.9159e+01, -6.4828e+03,  7.7608e+01]],

        [[ 2.8130e-01, -1.6377e+00,  4.3743e+00, -1.1643e+01],
         [-1.6377e+00,  9.5349e+00, -2.5482e+01,  6.7784e+01],
         [ 4.3743e+00, -2.5482e+01,  6.4526e+05, -8.3781e+03],
         [-1.1643e+01,  6.7784e+01, -8.3781e+03,  5.9107e+02]],

        ...,

        [[ 4.4154e+07, -1.4836e+04,  2.7747e+04, -1.9549e+04],
         [-1.4836e+04,  1.5925e+02, -1.3985e+04,  1.3035e+02],
         [ 2.7747e+04, -1.3985e+04,  1.2663e+06, -1.1227e+04],
         [-1.9549e+04,  1.3035e+02, -1.1227e+04,  1.2434e+02]],

        [[ 1.5056e-01, -1.1817e+00,  2.0312e+00, -1.0806e+01],
         [-1.1817e+00,  9.2752e+00, -1.5960e+01,  8.4814e+01],
         [ 2.0312e+00, -1.5960e+01,  3.0745e+05, -5.9688e+03],
         [-1.0806e+01,  8.4814e+01, -5.9688e+03,  9.4269e+02]],

        [[ 8.8302e-16,  7.8837e-08,  2.8776e-07,  3.4772e-07],
         [ 7.8837e-08,  7.0386e+00,  2.6016e+01,  3.1054e+01],
         [ 2.8776e-07,  2.6016e+01,  4.4759e+05,  1.2789e+04],
         [ 3.4772e-07,  3.1054e+01,  1.2789e+04,  5.2167e+02]]],
       grad_fn=<PermuteBackward0>)
